%DATAINPUTS from processed survey data

AO1 = [0.07	0.14	0.21	0.50	0.71	1.00
0.71	1.00	1.00	1.00	1.00	1.00
0.50	1.00	1.00	1.00	1.00	1.00
0.07	0.43	0.93	0.93	0.93	1.00
0.64	0.93	0.93	1.00	1.00	1.00
0.43	0.93	0.93	1.00	1.00	1.00
0.00	0.93	0.93	0.93	0.93	1.00
0.14	0.93	0.93	0.93	0.93	1.00
0.50	1.00	1.00	1.00	1.00	1.00
0.14	0.86	0.93	0.93	0.93	1.00
1.00	1.00	1.00	1.00	1.00	1.00
1.00	1.00	1.00	1.00	1.00	1.00
1.00	1.00	1.00	1.00	1.00	1.00
1.00	1.00	1.00	1.00	1.00	1.00
1.00	1.00	1.00	1.00	1.00	1.00
1.00	1.00	1.00	1.00	1.00	1.00
1.00	1.00	1.00	1.00	1.00	1.00
1.00	1.00	1.00	1.00	1.00	1.00
1.00	1.00	1.00	1.00	1.00	1.00
0.93	1.00	1.00	1.00	1.00	1.00
0.93	1.00	1.00	1.00	1.00	1.00
0.71	1.00	1.00	1.00	1.00	1.00
1.00	1.00	1.00	1.00	1.00	1.00
1.00	1.00	1.00	1.00	1.00	1.00
1.00	1.00	1.00	1.00	1.00	1.00
1.00	1.00	1.00	1.00	1.00	1.00
1.00	1.00	1.00	1.00	1.00	1.00
1.00	1.00	1.00	1.00	1.00	1.00
1.00	1.00	1.00	1.00	1.00	1.00
1.00	1.00	1.00	1.00	1.00	1.00
1.00	1.00	1.00	1.00	1.00	1.00
1.00	1.00	1.00	1.00	1.00	1.00
1.00	1.00	1.00	1.00	1.00	1.00
0.93	1.00	1.00	1.00	1.00	1.00
1.00	1.00	1.00	1.00	1.00	1.00
1.00	1.00	1.00	1.00	1.00	1.00
1.00	1.00	1.00	1.00	1.00	1.00
1.00	1.00	1.00	1.00	1.00	1.00
1.00	1.00	1.00	1.00	1.00	1.00
0.93	1.00	1.00	1.00	1.00	1.00
1.00	1.00	1.00	1.00	1.00	1.00
1.00	1.00	1.00	1.00	1.00	1.00
1.00	1.00	1.00	1.00	1.00	1.00
1.00	1.00	1.00	1.00	1.00	1.00
1.00	1.00	1.00	1.00	1.00	1.00
1.00	1.00	1.00	1.00	1.00	1.00
1.00	1.00	1.00	1.00	1.00	1.00
1.00	1.00	1.00	1.00	1.00	1.00
1.00	1.00	1.00	1.00	1.00	1.00
1.00	1.00	1.00	1.00	1.00	1.00
1.00	1.00	1.00	1.00	1.00	1.00
1.00	1.00	1.00	1.00	1.00	1.00];

AO2 = [0.00	0.04	0.11	0.28	0.44	1.00
0.75	0.99	1.00	1.00	1.00	1.00
0.15	0.69	0.92	0.93	0.96	1.00
0.00	0.15	0.48	0.80	0.89	1.00
0.39	0.79	0.92	0.96	0.97	1.00
0.36	0.93	1.00	1.00	1.00	1.00
0.09	0.85	0.92	0.93	0.93	1.00
0.25	0.95	0.96	0.96	0.97	1.00
0.27	0.95	0.96	0.97	0.99	1.00
0.01	0.33	0.75	0.88	0.91	1.00
0.91	0.97	0.97	1.00	1.00	1.00
0.96	0.99	1.00	1.00	1.00	1.00
0.99	1.00	1.00	1.00	1.00	1.00
0.96	0.99	1.00	1.00	1.00	1.00
0.99	1.00	1.00	1.00	1.00	1.00
0.92	1.00	1.00	1.00	1.00	1.00
1.00	1.00	1.00	1.00	1.00	1.00
1.00	1.00	1.00	1.00	1.00	1.00
1.00	1.00	1.00	1.00	1.00	1.00
0.96	1.00	1.00	1.00	1.00	1.00
0.95	1.00	1.00	1.00	1.00	1.00
0.79	0.95	0.96	0.97	1.00	1.00
1.00	1.00	1.00	1.00	1.00	1.00
1.00	1.00	1.00	1.00	1.00	1.00
1.00	1.00	1.00	1.00	1.00	1.00
0.92	0.96	0.97	0.99	1.00	1.00
1.00	1.00	1.00	1.00	1.00	1.00
0.99	1.00	1.00	1.00	1.00	1.00
1.00	1.00	1.00	1.00	1.00	1.00
0.99	0.99	1.00	1.00	1.00	1.00
0.93	0.97	0.97	1.00	1.00	1.00
0.99	1.00	1.00	1.00	1.00	1.00
1.00	1.00	1.00	1.00	1.00	1.00
0.76	0.97	0.99	1.00	1.00	1.00
1.00	1.00	1.00	1.00	1.00	1.00
0.97	1.00	1.00	1.00	1.00	1.00
0.97	0.99	0.99	1.00	1.00	1.00
1.00	1.00	1.00	1.00	1.00	1.00
1.00	1.00	1.00	1.00	1.00	1.00
0.89	0.99	1.00	1.00	1.00	1.00
0.99	1.00	1.00	1.00	1.00	1.00
0.99	0.99	0.99	1.00	1.00	1.00
0.99	1.00	1.00	1.00	1.00	1.00
1.00	1.00	1.00	1.00	1.00	1.00
1.00	1.00	1.00	1.00	1.00	1.00
1.00	1.00	1.00	1.00	1.00	1.00
0.99	0.99	1.00	1.00	1.00	1.00
1.00	1.00	1.00	1.00	1.00	1.00
1.00	1.00	1.00	1.00	1.00	1.00
1.00	1.00	1.00	1.00	1.00	1.00
1.00	1.00	1.00	1.00	1.00	1.00
1.00	1.00	1.00	1.00	1.00	1.00];

AO3 = [0.01	0.01	0.05	0.16	0.28	1.00
0.72	0.96	0.99	1.00	1.00	1.00
0.05	0.68	0.92	0.97	0.98	1.00
0.02	0.04	0.20	0.53	0.75	1.00
0.34	0.65	0.85	0.94	0.97	1.00
0.26	0.94	0.98	0.99	1.00	1.00
0.05	0.81	0.93	0.95	0.95	1.00
0.23	0.87	0.95	0.98	0.98	1.00
0.16	0.88	0.96	0.98	0.99	1.00
0.02	0.17	0.46	0.77	0.89	1.00
0.94	0.98	0.99	0.99	1.00	1.00
0.97	0.99	0.99	1.00	1.00	1.00
0.96	0.99	0.99	0.99	0.99	1.00
0.97	0.99	1.00	1.00	1.00	1.00
0.96	0.99	0.99	1.00	1.00	1.00
0.95	0.99	0.99	1.00	1.00	1.00
0.98	0.99	1.00	1.00	1.00	1.00
0.99	0.99	0.99	0.99	0.99	1.00
1.00	1.00	1.00	1.00	1.00	1.00
0.95	1.00	1.00	1.00	1.00	1.00
0.96	0.98	0.98	1.00	1.00	1.00
0.84	0.95	0.96	0.98	0.98	1.00
0.98	1.00	1.00	1.00	1.00	1.00
0.99	1.00	1.00	1.00	1.00	1.00
0.99	1.00	1.00	1.00	1.00	1.00
0.97	0.98	0.99	0.99	1.00	1.00
0.99	0.99	0.99	1.00	1.00	1.00
0.99	1.00	1.00	1.00	1.00	1.00
0.99	1.00	1.00	1.00	1.00	1.00
0.97	0.99	1.00	1.00	1.00	1.00
0.97	0.98	0.99	0.99	0.99	1.00
0.99	1.00	1.00	1.00	1.00	1.00
0.99	1.00	1.00	1.00	1.00	1.00
0.74	0.89	0.90	0.96	1.00	1.00
0.99	1.00	1.00	1.00	1.00	1.00
0.96	0.99	0.99	1.00	1.00	1.00
0.94	0.98	0.99	0.99	0.99	1.00
0.99	1.00	1.00	1.00	1.00	1.00
0.99	1.00	1.00	1.00	1.00	1.00
0.98	0.99	1.00	1.00	1.00	1.00
0.99	0.99	0.99	0.99	0.99	1.00
1.00	1.00	1.00	1.00	1.00	1.00
1.00	1.00	1.00	1.00	1.00	1.00
1.00	1.00	1.00	1.00	1.00	1.00
1.00	1.00	1.00	1.00	1.00	1.00
1.00	1.00	1.00	1.00	1.00	1.00
0.99	0.99	1.00	1.00	1.00	1.00
1.00	1.00	1.00	1.00	1.00	1.00
1.00	1.00	1.00	1.00	1.00	1.00
1.00	1.00	1.00	1.00	1.00	1.00
1.00	1.00	1.00	1.00	1.00	1.00
1.00	1.00	1.00	1.00	1.00	1.00];

AO4 = [0.01	0.01	0.05	0.11	0.19	1.00
0.73	0.95	0.98	1.00	1.00	1.00
0.08	0.51	0.73	0.89	0.94	1.00
0.03	0.05	0.19	0.37	0.53	1.00
0.33	0.64	0.81	0.86	0.93	1.00
0.19	0.88	0.99	0.99	0.99	1.00
0.05	0.73	0.87	0.93	0.95	1.00
0.29	0.84	0.96	0.97	0.97	1.00
0.08	0.86	0.95	0.99	1.00	1.00
0.03	0.16	0.36	0.58	0.75	1.00
0.90	0.97	0.98	0.99	1.00	1.00
0.97	0.98	0.99	0.99	0.99	1.00
0.95	0.98	0.99	0.99	1.00	1.00
0.99	0.99	1.00	1.00	1.00	1.00
0.94	1.00	1.00	1.00	1.00	1.00
0.99	0.99	0.99	1.00	1.00	1.00
1.00	1.00	1.00	1.00	1.00	1.00
0.99	0.99	0.99	0.99	0.99	1.00
1.00	1.00	1.00	1.00	1.00	1.00
0.95	0.98	0.99	0.99	1.00	1.00
0.98	1.00	1.00	1.00	1.00	1.00
0.82	0.93	0.97	0.99	0.99	1.00
0.98	0.99	0.99	1.00	1.00	1.00
0.99	1.00	1.00	1.00	1.00	1.00
0.99	1.00	1.00	1.00	1.00	1.00
0.95	0.99	0.99	0.99	1.00	1.00
0.99	0.99	0.99	0.99	0.99	1.00
0.99	1.00	1.00	1.00	1.00	1.00
1.00	1.00	1.00	1.00	1.00	1.00
0.99	0.99	1.00	1.00	1.00	1.00
0.99	1.00	1.00	1.00	1.00	1.00
0.99	1.00	1.00	1.00	1.00	1.00
1.00	1.00	1.00	1.00	1.00	1.00
0.74	0.90	0.91	0.97	0.99	1.00
1.00	1.00	1.00	1.00	1.00	1.00
0.93	0.99	0.99	0.99	0.99	1.00
0.94	0.95	0.99	0.99	0.99	1.00
0.99	1.00	1.00	1.00	1.00	1.00
1.00	1.00	1.00	1.00	1.00	1.00
0.93	1.00	1.00	1.00	1.00	1.00
0.99	1.00	1.00	1.00	1.00	1.00
0.99	1.00	1.00	1.00	1.00	1.00
0.99	1.00	1.00	1.00	1.00	1.00
1.00	1.00	1.00	1.00	1.00	1.00
0.98	1.00	1.00	1.00	1.00	1.00
0.97	0.99	0.99	1.00	1.00	1.00
0.99	1.00	1.00	1.00	1.00	1.00
0.99	0.99	0.99	1.00	1.00	1.00
0.98	0.98	0.99	0.99	0.99	1.00
0.98	0.99	0.99	0.99	1.00	1.00
0.99	0.99	0.99	0.99	1.00	1.00
0.99	0.99	1.00	1.00	1.00	1.00];


%------------------------------------------------------------
AU1 = [0.5714285714	1	1	1	1
1	1	1	1	1
0.6666666667	1	1	1	1
0.6923076923	1	1	1	1
0.6666666667	1	1	1	1
1	1	1	1	1
1	1	1	1	1
0.5	0.6666666667	1	1	1
1	1	1	1	1
0.6666666667	1	1	1	1
0	0	0	0	0
0	0	0	0	0
0	0	0	0	0
0	0	0	0	0
0	0	0	0	0
0	0	0	0	0
0	0	0	0	0
0	0	0	0	0
0	0	0	0	0
1	1	1	1	1
1	1	1	1	1
1	1	1	1	1
0	0	0	0	0
0	0	0	0	0
0	0	0	0	0
0	0	0	0	0
0	0	0	0	0
0	0	0	0	0
0	0	0	0	0
0	0	0	0	0
0	0	0	0	0
0	0	0	0	0
0	0	0	0	0
1	1	1	1	1
0	0	0	0	0
0	0	0	0	0
0	0	0	0	0
0	0	0	0	0
0	0	0	0	0
1	1	1	1	1
0	0	0	0	0
0	0	0	0	0
0	0	0	0	0
0	0	0	0	0
0	0	0	0	0
0	0	0	0	0
0	0	0	0	0
0	0	0	0	0
0	0	0	0	0
0	0	0	0	0
0	0	0	0	0
0	0	0	0	0];

