H1 = [0 1 4 429.40 17824.81 188.22
1 83.50 12 8 6 1
2 70.00 1 12 10 9
3 38.66 7 7 5 3
4 289.95 11 21 19 6
5 1103.75 1 15 8 2
5 1103.75 1 17 12 2
5 1103.75 6 19 4 2
6 414.50 1 6 4 10
7 70.11 24 21 20 4
9 141.40 4 4 2 8
10 300.00 6 5 3 7
98 1 20 0 0 0
99 1 40 0 0 0
100 1 0 0 0 0];

H2 = [0 2 2 246.53 5147.30 71.99
1 66.80 12 14 12 1
2 70.00 1 5 3 9
3 38.66 2 3 6 4
3 38.66 2 8 11 4
3 38.66 2 15 18 4
4 115.98 15 19 17 5
7 70.11 24 21 20 2
9 141.40 1 4 2 3
10 60.00 8 10 8 6
98 1 60 0 0 0
99 1 45 0 0 0
100 3 0 0 0 0];

H3 = [0 3 3 279.08 9129.05 100.02
1 66.80 2 15 13 2
2 70.00 1 4 2 3
3 38.66 1 10 8 5
4 289.95 16 10 8 6
5 220.75 1 19 17 8
7 70.11 24 21 20 1
9 141.40 3 6 4 4
10 240.00 3 9 12 7
10 240.00 5 21 3 7
98 1 20 0 0 0
99 1 40 0 0 0
100 1 0 0 0 0];

H4 = [0 4 3 276.98 6406.03 82.61
1 83.50 8 15 13 1
2 70.00 1 5 3 10
3 115.98 1 13 15 6
3 115.98 2 15 17 6
4 289.95 2 6 4 3
5 441.50 5 12 10 4
6 207.25 1 9 7 9
7 70.11 24 21 20 2
9 141.40 2 2 24 8
10 120.00 3 5 3 5
98 1 40 0 0 0
99 1 40 0 0 0
100 3 0 0 0 0];

H5 = [0 5 3 393.00 10839.82 110.95
1 83.50 9 2 11 3
1 83.50 5 15 19 3
1 83.50 4 21 24 3
3 38.66 2 6 8 8
3 38.66 1 13 18 8
4 289.95 6 7 5 2
5 441.50 1 19 17 6
6 207.25 2 11 9 9
7 70.11 24 21 20 4
8 1805.70 1 14 12 5
9 282.80 6 4 2 7
10 60.00 24 11 10 1
98 1 40 0 0 0
99 1 45 0 0 0
100 3 0 0 0 0];

H6 = [0 6 2 391.39 5297.55 72.47
1 50.10 12 2 24 1
3 38.66 3 10 8 5
4 115.98 8 14 12 2
5 441.50 1 20 18 7
6 207.25 1 7 5 8
7 70.11 24 21 20 4
8 361.14 1 15 13 6
10 120.00 8 21 19 3
98 1 80 0 0 0
99 1 45 0 0 0
100 0 0 0 0 0];

H7 = [0 7 4 634.72 10322.62 126.73
1 66.80 1 15 13 3
2 70.00 1 12 10 10
3 115.98 3 9 7 6
4 173.97 3 10 8 2
5 441.50 14 7 5 7
6 207.25 1 19 17 9
7 70.11 24 21 20 4
8 361.14 1 7 8 8
8 361.14 1 14 15 8
9 141.40 2 7 5 5
10 60.00 4 15 13 1
98 1 80 0 0 0
99 1 40 0 0 0
100 3 0 0 0 0];

H8 = [0 8 4 639.99 8768.13 113.99
1 83.50 18 24 22 1
2 70.00 1 3 5 8
2 70.00 2 12 14 8
3 38.66 3 15 13 10
4 173.97 3 7 5 3
5 220.75 14 19 17 4
8 361.14 1 4 2 2
9 141.40 4 4 2 6
10 300.00 8 4 2 5
98 1 40 0 0 0
99 0 0 0 0 0
100 2 0 0 0 0];

H9 = [0 9 2 359.17 10423.30 88.80
1 83.50 24 15 14 5
4 115.98 2 6 4 1
5 220.75 8 19 17 4
6 414.50 1 13 11 8
7 70.11 24 21 20 2
9 141.40 3 21 19 6
10 300.00 3 6 8 3
10 300.00 10 10 20 3
98 1 40 0 0 0
99 1 45 0 0 0
100 2 0 0 0 0];

H10 = [0 10 3 726.00 14476.17 134.20
1 50.10 3 15 13 1
3 38.66 6 15 13 9
4 289.95 2 12 13 2
4 289.95 3 15 18 2
4 289.95 2 21 3 2
5 441.50 8 17 15 7
6 207.25 2 12 10 8
7 210.33 24 21 20 3
8 361.14 1 15 13 5
10 120.00 15 10 8 4
31 302.90 1 11 15 6
31 302.90 1 13 15 6
31 302.90 1 15 16 6
98 1 60 0 0 0
99 0 0 0 0 0
100 2 0 0 0 0];

H11 = [0 11 3 406.36 8963.42 98.96
1 83.50 24 21 20 3
2 70.00 1 5 3 9
3 38.66 1 8 6 5
4 289.95 2 5 3 4
5 220.75 2 17 19 8
5 220.75 8 21 6 8
6 414.50 1 11 9 10
7 70.11 24 21 20 1
8 361.14 1 7 21 6
8 361.14 1 9 10 6
8 361.14 1 15 16 6
9 141.40 2 4 2 2
10 120.00 5 5 3 7
98 1 20 0 0 0
99 1 40 0 0 0
100 1 0 0 0 0];

H12 = [0 12 2 435.68 4879.10 71.13
1 50.10 2 14 12 7
2 70.00 1 5 3 8
3 77.32 1 9 14 2
3 77.32 5 11 16 2
4 115.98 10 6 4 1
7 70.11 24 21 20 3
8 361.14 1 15 13 4
9 141.40 1 5 3 6
10 180.00 1 11 12 5
10 180.00 4 21 2 5
98 1 40 0 0 0
99 1 45 0 0 0
100 2 0 0 0 0];

H13 = [0 13 2 288.91 3229.21 65.88
1 66.80 3 9 12 1
1 66.80 10 14 24 1
3 38.66 2 13 15 2
3 38.66 1 18 19 2
4 57.99 1 9 7 3
5 441.50 1 19 17 8
8 361.14 1 5 3 6
9 141.40 3 1 23 9
10 120.00 8 16 14 4
98 1 20 0 0 0
99 0 0 0 0 0
100 0 0 0 0 0];

H14 = [0 14 3 611.09 11240.30 113.51
1 66.80 6 8 6 4
2 70.00 12 5 3 12
3 38.66 3 7 10 5
3 38.66 4 19 23 5
4 173.97 5 22 3 3
4 173.97 3 9 12 3
5 441.50 8 19 17 6
6 207.25 2 7 5 9
7 140.22 24 21 20 1
8 361.14 1 8 6 7
9 141.40 3 12 10 8
10 120.00 2 16 14 2
98 1 60 0 0 0
99 1 40 0 0 0
100 3 0 0 0 0];

H15 = [0 15 4 389.29 6687.75 96.94
1 83.50 9 4 12 1
1 83.50 8 14 2 1
3 38.66 1 3 4 6
3 38.66 3 5 8 6
3 38.66 8 15 24 6
4 289.95 5 15 13 2
5 220.75 1 18 16 5
6 207.25 1 12 10 7
7 70.11 24 21 20 10
8 361.14 1 7 5 3
9 141.40 2 3 1 8
10 120.00 5 17 15 4
98 1 60 0 0 0
99 1 40 0 0 0
100 3 0 0 0 0];

H16 = [0 16 4 310.01 6419.02 94.73
1 50.10 11 4 2 1
3 77.32 4 16 14 3
4 289.95 2 13 15 4
4 289.95 3 17 19 4
4 289.95 4 21 11 4
5 220.75 3 16 14 5
7 70.11 24 21 20 2
9 141.40 3 6 4 6
10 180.00 1 10 8 7
98 1 20 0 0 0
99 1 40 0 0 0
100 3 0 0 0 0];

H17 = [0 17 2 189.96 2363.91 63.12
1 83.50 4 15 13 4
4 57.99 9 21 19 3
5 220.75 1 18 16 2
6 207.25 1 17 15 5
10 180.00 6 10 8 1
98 1 60 0 0 0
99 1 45 0 0 0
100 0 0 0 0 0];

H18 = [0 18 2 422.32 7923.15 80.84
1 83.50 4 16 19 2
1 83.50 1 21 22 2
3 77.32 1 8 6 7
4 173.97 10 7 5 5
5 220.75 1 17 18 9
5 220.75 9 21 6 9
6 207.25 1 13 11 3
7 70.11 24 21 20 1
8 361.14 1 8 6 6
9 141.40 2 6 4 4
10 60.00 15 10 8 8
16 47.30 1 12 10 10
98 1 20 0 0 0
99 0 0 0 0 0
100 3 0 0 0 0];

H19 = [0 19 2 492.88 7546.36 79.63
1 83.50 5 15 13 5
2 70.00 2 14 12 10
4 115.98 16 21 19 9
5 220.75 1 21 19 8
6 207.25 1 21 19 2
7 70.11 24 21 20 3
8 361.14 1 5 3 6
9 141.40 1 6 4 7
10 120.00 2 7 8 4
10 120.00 7 10 16 4
10 120.00 12 18 5 4
98 1 80 0 0 0
99 1 55 0 0 0
100 2 0 0 0 0];

H20 = [0 20 3 439.39 13339.66 126.93
1 83.50 7 15 13 4
3 38.66 2 17 15 7
4 231.96 15 6 4 1
5 441.50 2 21 19 8
7 70.11 24 21 20 2
8 1805.70 1 8 9 6
8 1805.70 1 14 15 6
9 141.40 1 11 9 3
10 180.00 16 18 16 5
98 1 80 0 0 0
99 0 0 0 0 0
100 2 0 0 0 0];

H21 = [0 21 4 404.75 13538.41 153.09
1 83.50 12 21 19 2
3 193.30 5 15 13 8
4 289.95 24 4 3 1
5 220.75 3 18 16 6
7 70.11 24 21 20 5
8 361.14 1 2 3 3
8 361.14 1 7 9 3
8 361.14 1 14 15 3
9 141.40 2 11 9 4
10 300.00 3 9 7 9
98 1 40 0 0 0
99 1 45 0 0 0
100 2 0 0 0 0];

H22 = [0 22 4 356.24 18960.59 197.53
1 83.50 7 24 22 2
3 115.98 2 9 7 9
4 289.95 24 21 20 1
5 883.00 8 18 16 5
6 207.25 5 6 4 8
7 70.11 8 21 19 4
9 141.40 3 10 8 7
10 300.00 7 19 17 3
98 1 60 0 0 0
99 1 50 0 0 0
100 2 0 0 0 0];

H23 = [0 23 3 319.60 10050.87 105.91
1 83.50 1 14 14 1
1 83.50 5 16 22 1
2 70.00 2 5 8 6
2 70.00 1 13 14 6
3 38.66 3 9 7 7
4 289.95 10 5 15 2
4 289.95 3 17 20 2
5 441.50 1 15 14 4
5 441.50 6 17 23 4
7 70.11 24 5 4 5
9 141.40 1 6 4 9
10 180.00 3 5 3 3
98 1 40 0 0 0
99 0 0 0 0 0
100 2 0 0 0 0];

H24 = [0 24 4 618.55 14616.68 161.93
1 66.80 6 14 12 6
3 38.66 2 3 5 4
3 38.66 2 10 12 4
3 38.66 2 16 19 4
4 289.95 2 4 6 1
4 289.95 12 8 19 1
4 289.95 4 21 2 1
5 1103.75 3 20 18 5
6 207.25 1 15 13 9
7 70.11 24 21 20 3
8 361.14 1 8 9 10
8 361.14 1 15 16 10
9 141.40 1 8 6 7
10 180.00 15 5 3 2
98 0 0 0 0 0
99 0 0 0 0 0
100 3 0 0 0 0];

H25 = [0 25 2 674.76 8330.96 82.13
1 50.10 2 21 19 2
3 38.66 2 7 5 8
4 231.96 9 4 2 6
5 220.75 2 18 19 7
5 220.75 3 21 2 7
6 207.25 1 11 9 11
7 70.11 24 21 20 3
8 361.14 1 5 6 4
8 361.14 1 14 15 4
8 361.14 2 18 20 4
10 120.00 4 21 19 5
26 412.20 1 14 15 9
26 412.20 1 21 12 9
34 80.80 4 9 7 10
98 1 40 0 0 0
99 0 0 0 0 0
100 2 0 0 0 0];

H26 = [0 26 2 406.36 14167.40 100.73
1 33.40 5 9 7 3
3 38.66 3 15 13 8
4 231.96 4 19 17 4
5 883.00 10 21 19 9
7 70.11 24 21 20 5
8 361.14 1 9 7 6
9 141.40 2 6 4 7
10 120.00 15 21 19 2
98 1 20 0 0 0
99 1 45 0 0 0
100 0 0 0 0 0];

H27 = [0 27 4 324.98 8148.54 108.91
1 83.50 6 14 12 1
2 70.00 1 5 3 10
3 193.30 8 15 13 7
4 289.95 4 21 19 2
5 220.75 6 10 8 6
7 70.11 24 21 20 4
9 141.40 3 4 2 3
10 120.00 12 5 3 5
98 1 80 0 0 0
99 0 0 0 0 0
100 2 0 0 0 0];

H28 = [0 28 3 471.48 11198.51 113.25
1 83.50 2 7 8 3
1 83.50 6 10 5 3
3 38.66 3 17 15 1
4 289.95 18 19 17 5
5 441.50 2 7 5 2
6 207.25 1 12 10 7
7 70.11 24 21 20 6
8 361.14 1 15 13 8
9 141.40 1 15 13 9
10 240.00 8 4 2 4
98 1 20 0 0 0
99 1 55 0 0 0
100 2 0 0 0 0];

H29 = [0 29 3 569.60 30616.46 237.39
1 50.10 2 5 3 2
3 38.66 2 5 7 4
3 38.66 3 16 24 4
4 289.95 7 21 19 3
5 883.00 24 19 18 7
6 207.25 1 3 1 8
7 70.11 24 21 20 1
8 361.14 1 8 9 9
8 361.14 1 12 5 9
8 361.14 1 14 15 9
10 240.00 8 10 8 6
11 1104.00 1 5 6 5
11 1104.00 1 9 10 5
98 1 80 0 0 0
99 1 40 0 0 0
100 0 0 0 0 0];

