H1 = [0 1 2 393.00 5247.28 72.31
1 83.50 1 3 5 1
1 83.50 5 15 21 1
3 38.66 7 9 7 9
4 115.98 3 17 15 3
7 70.11 24 21 20 2
8 361.14 1 2 4 5
8 361.14 1 16 18 5
9 141.40 2 6 4 7
10 120.00 12 22 20 4
98 1 40 0 0 0
99 1 40 0 0 0
100 3 0 0 0 0];

H2 = [0 2 3 439.39 10712.86 110.14
1 33.40 6 15 13 4
3 77.32 3 16 14 6
4 231.96 12 23 21 3
6 829.00 1 9 7 7
7 70.11 24 21 20 1
8 361.14 1 4 2 8
9 141.40 3 7 5 5
10 300.00 8 4 13 2
10 300.00 6 17 24 2
98 0 0 0 0 0
99 0 0 0 0 0
100 2 0 0 0 0];

H3 = [0 3 3 565.87 12201.39 119.66
1 66.80 5 8 13 2
1 66.80 7 15 6 2
2 140.00 3 5 3 6
3 193.30 1 16 14 7
4 173.97 10 7 18 4
4 173.97 9 21 5 4
5 441.50 6 19 17 5
7 70.11 24 21 20 3
8 361.14 1 2 8 11
8 361.14 1 4 6 11
8 361.14 1 8 10 11
9 141.40 5 7 5 10
10 120.00 3 24 3 1
10 120.00 4 5 8 1
10 120.00 4 10 15 1
13 39.00 1 15 13 9
98 1 20 0 0 0
99 1 45 0 0 0
100 2 0 0 0 0];

H4 = [0 4 3 429.40 20172.77 170.62
1 83.50 2 3 1 1
3 115.98 3 9 11 6
3 115.98 3 13 16 6
4 231.96 20 6 4 3
5 662.25 8 17 15 4
6 207.25 1 6 4 10
7 70.11 24 21 20 2
9 141.40 2 6 4 7
10 300.00 24 15 14 5
98 1 80 0 0 0
99 0 0 0 0 0
100 0 0 0 0 0];

H5 = [0 5 3 345.00 7439.31 89.21
1 83.50 2 5 8 1
1 83.50 1 13 13 1
1 83.50 4 15 20 1
3 38.66 1 9 11 5
3 38.66 3 16 20 5
4 173.97 12 9 7 3
5 220.75 2 18 16 7
6 207.25 1 15 13 8
7 70.11 24 21 20 4
8 361.14 1 7 5 6
10 240.00 8 10 8 2
98 1 40 0 0 0
99 1 40 0 0 0
100 0 0 0 0 0];

H6 = [0 6 2 552.51 5557.49 73.30
1 50.10 1 15 17 6
1 50.10 1 21 4 6
3 77.32 3 15 13 4
4 57.99 24 9 8 3
6 207.25 1 13 11 9
7 70.11 24 21 20 1
8 361.14 1 6 8 5
8 361.14 1 15 17 5
9 141.40 1 6 4 8
10 60.00 18 13 11 2
98 1 60 0 0 0
99 1 40 0 0 0
100 2 0 0 0 0];

H7 = [0 7 3 506.12 9902.72 104.96
1 83.50 10 7 5 2
3 38.66 1 4 2 7
4 115.98 8 18 16 5
5 441.50 9 17 15 4
7 70.11 24 21 20 3
8 361.14 1 3 7 6
8 361.14 1 5 7 6
9 141.40 2 5 3 8
10 180.00 3 5 9 1
10 180.00 5 17 23 1
98 1 20 0 0 0
99 1 50 0 0 0
100 2 0 0 0 0];

H8 = [0 8 3 404.75 4536.95 70.66
1 83.50 5 5 3 1
2 70.00 1 9 7 7
3 115.98 1 8 5 6
3 115.98 1 10 11 6
4 231.96 2 7 5 3
6 207.25 1 3 1 5
7 70.11 24 21 20 2
8 361.14 1 7 9 8
8 361.14 1 15 17 8
9 141.40 1 5 3 9
10 300.00 2 20 18 4
98 1 60 0 0 0
99 1 40 0 0 0
100 2 0 0 0 0];

H9 = [0 9 4 582.96 13202.55 150.34
1 83.50 24 14 13 3
2 70.00 1 13 11 10
3 38.66 4 16 14 6
4 289.95 2 17 15 2
5 441.50 10 7 5 8
6 207.25 1 12 10 7
7 140.22 24 21 20 9
8 361.14 1 3 5 4
8 361.14 1 7 9 4
9 141.40 3 8 6 5
10 180.00 1 3 14 1
10 180.00 4 5 10 1
10 180.00 2 16 19 1
98 0 0 0 0 0
99 1 40 0 0 0
100 3 0 0 0 0];

H10 = [0 10 4 398.49 15833.61 171.90
1 83.50 4 15 19 3
1 83.50 16 21 13 3
3 38.66 4 3 8 7
3 38.66 1 11 13 7
3 38.66 2 15 17 7
4 231.96 20 21 19 1
5 1103.75 6 19 17 4
6 207.25 1 19 17 8
7 70.11 24 21 20 5
9 141.40 1 5 3 6
10 300.00 2 7 5 2
98 1 40 0 0 0
99 1 40 0 0 0
100 1 0 0 0 0];

H11 = [0 11 4 452.75 16341.88 176.07
1 83.50 17 14 12 1
3 115.98 1 6 4 7
4 289.95 1 5 14 2
4 289.95 11 7 19 2
4 289.95 7 21 3 2
6 207.25 1 17 15 6
7 140.22 24 21 20 5
8 361.14 1 24 2 3
8 361.14 1 8 10 3
8 361.14 1 14 16 3
9 141.40 1 3 1 8
10 300.00 15 10 8 4
98 1 40 0 0 0
99 1 40 0 0 0
100 3 0 0 0 0];

H12 = [0 12 4 391.39 10745.24 130.20
1 50.10 5 21 19 2
3 38.66 3 16 14 7
4 173.97 24 21 20 3
6 414.50 1 17 15 9
7 70.11 24 21 20 1
8 361.14 1 14 12 4
9 424.20 6 6 4 5
10 300.00 4 15 13 6
98 1 40 0 0 0
99 1 40 0 0 0
100 2 0 0 0 0];

H13 = [0 13 2 358.36 5885.77 74.34
1 50.10 12 1 13 8
1 50.10 4 15 20 8
3 38.66 6 18 16 5
4 173.97 7 21 19 1
5 220.75 3 17 15 4
6 207.25 1 11 9 7
7 70.11 24 21 20 3
8 361.14 1 13 1 2
8 361.14 1 15 17 2
10 120.00 3 22 20 6
98 1 20 0 0 0
99 1 40 0 0 0
100 2 0 0 0 0];

H14 = [0 14 3 345.00 6702.88 84.50
1 66.80 18 5 3 1
3 38.66 2 9 7 7
4 231.96 1 3 5 2
4 231.96 2 5 8 2
4 231.96 5 17 23 2
6 207.25 2 12 10 5
7 70.11 24 21 20 3
8 361.14 1 4 2 4
9 141.40 2 6 4 6
10 60.00 3 15 13 8
34 323.20 2 9 7 10
98 1 80 0 0 0
99 1 45 0 0 0
100 3 0 0 0 0];

H15 = [0 15 2 439.39 8502.38 82.68
1 50.10 11 14 12 2
3 77.32 4 8 12 3
3 77.32 6 15 23 3
4 115.98 12 19 17 4
7 70.11 24 21 20 1
8 361.14 2 4 2 7
9 141.40 1 3 1 5
10 180.00 18 11 9 6
98 1 60 0 0 0
99 1 40 0 0 0
100 2 0 0 0 0];

H16 = [0 16 4 422.32 10684.61 129.70
1 83.50 2 4 2 1
3 77.32 10 3 1 8
4 173.97 13 3 16 5
4 173.97 2 18 21 5
5 220.75 6 19 17 7
7 140.22 24 22 21 2
8 722.28 1 8 6 4
9 141.40 2 4 2 9
10 180.00 8 10 8 6
98 1 20 0 0 0
99 1 45 0 0 0
100 2 0 0 0 0];

H17 = [0 17 3 567.99 15099.63 138.19
1 83.50 5 14 12 2
2 70.00 1 15 13 7
3 38.66 1 13 14 3
3 38.66 6 15 21 3
4 173.97 3 2 6 4
4 173.97 3 14 18 4
4 173.97 4 21 24 4
5 883.00 9 21 19 6
6 207.25 1 19 17 9
7 140.22 24 21 20 1
8 361.14 1 2 4 8
8 361.14 1 7 9 8
10 180.00 2 21 19 5
98 1 60 0 0 0
99 1 50 0 0 0
100 0 0 0 0 0];

H18 = [0 18 2 371.37 6000.93 74.71
1 33.40 24 15 14 1
3 38.66 6 9 15 6
3 38.66 5 18 23 6
4 173.97 7 8 14 4
4 173.97 1 16 18 4
4 173.97 1 21 23 4
5 220.75 2 20 18 5
7 70.11 24 21 20 2
9 141.40 3 5 3 7
10 60.00 3 10 14 3
10 60.00 8 17 2 3
98 1 40 0 0 0
99 1 40 0 0 0
100 2 0 0 0 0];

H19 = [0 19 3 649.48 7685.17 90.78
1 50.10 24 15 14 1
3 77.32 2 7 9 7
3 77.32 2 17 22 7
4 115.98 2 22 2 4
4 115.98 4 4 9 4
6 207.25 1 7 5 8
7 140.22 24 21 20 2
8 361.14 1 7 9 5
8 361.14 1 15 17 5
9 141.40 2 10 8 6
10 180.00 1 4 15 3
10 180.00 2 6 8 3
10 180.00 2 10 13 3
98 1 20 0 0 0
99 1 40 0 0 0
100 3 0 0 0 0];

H20 = [0 20 2 280.69 4413.78 69.65
1 83.50 1 3 3 1
1 83.50 10 5 22 1
2 70.00 1 7 5 7
3 38.66 2 11 9 6
4 115.98 5 22 4 3
4 115.98 4 15 20 3
5 441.50 1 21 19 4
7 70.11 24 21 20 5
10 60.00 3 21 19 2
98 1 20 0 0 0
99 1 40 0 0 0
100 3 0 0 0 0];

H21 = [0 21 4 615.99 17333.82 184.20
1 83.50 12 15 13 4
2 70.00 1 21 19 12
3 38.66 3 10 13 9
3 38.66 3 15 18 9
4 289.95 24 21 20 2
5 220.75 24 16 15 11
7 70.11 24 21 20 1
8 361.14 1 3 5 3
8 361.14 1 8 10 3
8 361.14 1 15 17 3
9 141.40 5 21 19 6
10 60.00 5 4 2 5
98 0 0 0 0 0
99 1 40 0 0 0
100 3 0 0 0 0];

H22 = [0 22 3 348.66 8189.62 94.01
1 83.50 8 13 11 1
2 140.00 1 12 10 10
3 38.66 3 11 9 6
4 289.95 12 16 14 4
5 220.75 2 17 15 7
7 70.11 20 21 19 2
8 361.14 1 20 18 8
9 141.40 1 14 12 9
10 120.00 12 5 3 5
98 1 20 0 0 0
99 1 45 0 0 0
100 3 0 0 0 0];

H23 = [0 23 4 448.42 16504.64 177.40
1 83.50 6 2 9 6
1 83.50 3 21 24 6
3 38.66 1 3 1 3
4 289.95 2 6 7 8
4 289.95 9 9 19 8
4 289.95 3 21 1 8
5 1103.75 8 17 15 5
6 414.50 1 1 23 9
8 361.14 1 7 9 1
8 361.14 1 14 16 1
9 282.80 3 13 11 4
10 60.00 4 9 16 2
10 60.00 1 19 21 2
10 60.00 9 21 7 2
98 1 80 0 0 0
99 1 45 0 0 0
100 3 0 0 0 0];

H24 = [0 24 3 598.92 11000.56 111.98
1 83.50 2 15 18 10
1 83.50 5 21 3 10
3 38.66 6 9 7 7
4 231.96 24 2 1 8
5 220.75 5 12 10 2
6 207.25 1 11 9 9
7 70.11 24 21 20 1
8 361.14 1 4 6 3
8 361.14 1 8 10 3
8 361.14 1 14 16 3
10 180.00 3 18 16 4
98 1 40 0 0 0
99 1 40 0 0 0
100 3 0 0 0 0];

H25 = [0 25 3 340.44 13362.94 127.08
1 83.50 4 2 7 2
1 83.50 6 11 18 2
3 38.66 4 8 6 8
4 173.97 1 15 2 9
4 173.97 20 17 13 9
5 220.75 8 15 13 7
6 207.25 1 7 5 5
7 140.22 24 21 20 3
9 141.40 1 6 4 4
10 180.00 18 11 9 1
98 1 80 0 0 0
99 1 45 0 0 0
100 1 0 0 0 0];

H26 = [0 26 1 470.32 7671.27 65.17
1 83.50 12 15 13 5
3 38.66 5 4 9 7
3 38.66 3 15 18 7
4 115.98 24 21 20 4
5 220.75 2 19 17 6
6 207.25 1 3 1 8
7 70.11 24 21 20 1
8 361.14 1 7 15 3
8 361.14 1 9 11 3
9 141.40 2 5 3 9
10 60.00 4 5 3 2
98 0 0 0 0 0
99 0 0 0 0 0
100 3 0 0 0 0];

H27 = [0 27 4 383.30 9065.70 116.43
1 83.50 13 21 19 6
3 115.98 4 16 14 7
4 173.97 6 8 6 3
5 441.50 8 17 15 1
6 207.25 2 10 8 8
7 70.11 8 21 19 2
8 361.14 1 8 10 5
8 361.14 1 13 15 5
9 141.40 2 6 4 9
10 120.00 3 4 8 4
10 120.00 5 10 20 4
98 0 0 0 0 0
99 1 40 0 0 0
100 2 0 0 0 0];

H28 = [0 28 2 335.30 6598.79 76.61
1 33.40 5 15 19 2
1 33.40 2 21 24 2
4 173.97 24 21 20 4
6 207.25 1 7 5 8
7 70.11 12 21 19 5
8 361.14 1 9 7 6
10 60.00 3 16 14 1
20 150.00 4 18 16 7
98 1 40 0 0 0
99 1 40 0 0 0
100 3 0 0 0 0];

